{
  "nbformat": 4,
  "nbformat_minor": 0,
  "metadata": {
    "colab": {
      "provenance": [],
      "mount_file_id": "1M9ORZ_qF3_z6dCa40AYxLSoPRcI0hl2H",
      "authorship_tag": "ABX9TyPoUCMRbEnJ5rnqKMJaJrIH",
      "include_colab_link": true
    },
    "kernelspec": {
      "name": "python3",
      "display_name": "Python 3"
    },
    "language_info": {
      "name": "python"
    }
  },
  "cells": [
    {
      "cell_type": "markdown",
      "metadata": {
        "id": "view-in-github",
        "colab_type": "text"
      },
      "source": [
        "<a href=\"https://colab.research.google.com/github/NacliNaclo/EDOS/blob/main/medical_robotics.ipynb\" target=\"_parent\"><img src=\"https://colab.research.google.com/assets/colab-badge.svg\" alt=\"Open In Colab\"/></a>"
      ]
    },
    {
      "cell_type": "code",
      "execution_count": 2,
      "metadata": {
        "colab": {
          "base_uri": "https://localhost:8080/"
        },
        "id": "i-z_UR6pOVYs",
        "outputId": "03afd1ac-4b8b-4be0-b96d-48940580d746"
      },
      "outputs": [
        {
          "output_type": "stream",
          "name": "stdout",
          "text": [
            "Mounted at /content/drive\n"
          ]
        }
      ],
      "source": [
        "from google.colab import drive\n",
        "drive.mount('/content/drive')"
      ]
    },
    {
      "cell_type": "code",
      "source": [
        "import json"
      ],
      "metadata": {
        "id": "wRSMs483PrC0"
      },
      "execution_count": 102,
      "outputs": []
    },
    {
      "cell_type": "code",
      "source": [
        "f = open('/content/drive/MyDrive/medical_robotics/v1/v1/frame_data/frame_data000000.json')\n",
        "data = json.load(f)"
      ],
      "metadata": {
        "id": "PAMqJytCP2f0"
      },
      "execution_count": null,
      "outputs": []
    },
    {
      "cell_type": "code",
      "source": [
        "data['camera-pose']"
      ],
      "metadata": {
        "colab": {
          "base_uri": "https://localhost:8080/"
        },
        "id": "MLkRsNpFP_Xz",
        "outputId": "8c4519f9-db6b-46a7-d34d-31ffe3b64cda"
      },
      "execution_count": null,
      "outputs": [
        {
          "output_type": "execute_result",
          "data": {
            "text/plain": [
              "[[0.9999965796048702,\n",
              "  -0.0025485094056294315,\n",
              "  -0.0002287824528534348,\n",
              "  -0.02928418649968023],\n",
              " [0.002548294731588833,\n",
              "  0.9999962957559811,\n",
              "  -0.0008537852186089054,\n",
              "  -0.10912194375544004],\n",
              " [0.00023095502338880993,\n",
              "  0.0008533662118120291,\n",
              "  0.9999997628384426,\n",
              "  0.3536461362789396],\n",
              " [0.0, 0.0, 0.0, 1.0]]"
            ]
          },
          "metadata": {},
          "execution_count": 4
        }
      ]
    },
    {
      "cell_type": "code",
      "source": [
        "T_0 = data['camera-pose']"
      ],
      "metadata": {
        "id": "GsyJz2DPQAHU"
      },
      "execution_count": null,
      "outputs": []
    },
    {
      "cell_type": "code",
      "source": [
        "f1 = open('/content/drive/MyDrive/medical_robotics/v1/v1/frame_data/frame_data000001.json')\n",
        "data1 = json.load(f1)"
      ],
      "metadata": {
        "id": "281zSXvLQvqW"
      },
      "execution_count": null,
      "outputs": []
    },
    {
      "cell_type": "code",
      "source": [
        "T_1 = data1['camera-pose']\n",
        "T_1 = np.array(T_1)"
      ],
      "metadata": {
        "id": "kc6jC3_pRZ3Q"
      },
      "execution_count": null,
      "outputs": []
    },
    {
      "cell_type": "code",
      "source": [
        "import numpy as np"
      ],
      "metadata": {
        "id": "AkDQ73VPRgtq"
      },
      "execution_count": null,
      "outputs": []
    },
    {
      "cell_type": "code",
      "source": [
        "T_0 = np.array(T_0)\n",
        "temp = np.linalg.inv(T_0)\n",
        "temp"
      ],
      "metadata": {
        "colab": {
          "base_uri": "https://localhost:8080/"
        },
        "id": "xV5MUoEfSMz9",
        "outputId": "2ed02d28-b574-4673-acaa-b1f64dbb5c08"
      },
      "execution_count": null,
      "outputs": [
        {
          "output_type": "execute_result",
          "data": {
            "text/plain": [
              "array([[ 9.99996873e-01,  2.54831379e-03,  2.30957505e-04,\n",
              "         2.94804947e-02],\n",
              "       [-2.54849153e-03,  9.99996481e-01,  8.53199367e-04,\n",
              "         1.08745199e-01],\n",
              "       [-2.28779559e-04, -8.53951957e-04,  9.99999456e-01,\n",
              "        -3.53745828e-01],\n",
              "       [ 0.00000000e+00,  0.00000000e+00,  0.00000000e+00,\n",
              "         1.00000000e+00]])"
            ]
          },
          "metadata": {},
          "execution_count": 14
        }
      ]
    },
    {
      "cell_type": "code",
      "source": [
        "T_0_1 = np.matmul(temp,T_1)\n",
        "T_0_1"
      ],
      "metadata": {
        "colab": {
          "base_uri": "https://localhost:8080/"
        },
        "id": "uyJ8aifNRpCm",
        "outputId": "fbffc667-d987-403f-bf30-14e3c644ccf4"
      },
      "execution_count": null,
      "outputs": [
        {
          "output_type": "execute_result",
          "data": {
            "text/plain": [
              "array([[ 9.99996758e-01, -2.66848080e-03, -1.38534687e-04,\n",
              "        -1.76657959e-02],\n",
              "       [ 2.66837263e-03,  9.99996429e-01, -8.90276436e-04,\n",
              "        -1.13811995e-01],\n",
              "       [ 1.40861180e-04,  8.89828332e-04,  9.99999821e-01,\n",
              "         2.77779557e-01],\n",
              "       [ 0.00000000e+00,  0.00000000e+00,  0.00000000e+00,\n",
              "         1.00000000e+00]])"
            ]
          },
          "metadata": {},
          "execution_count": 15
        }
      ]
    },
    {
      "cell_type": "markdown",
      "source": [
        "------------------------------------------------------------------------------------------------------------------------"
      ],
      "metadata": {
        "id": "3Fio6g1aUVFT"
      }
    },
    {
      "cell_type": "code",
      "source": [
        "import os\n",
        "\n",
        "# folder path\n",
        "dir_path = r'/content/drive/MyDrive/medical_robotics/v1/v1/frame_data'\n",
        "count = 0\n",
        "# Iterate directory\n",
        "for path in os.listdir(dir_path):\n",
        "    # check if current path is a file\n",
        "    if os.path.isfile(os.path.join(dir_path, path)):\n",
        "        count += 1\n",
        "print('File count:', count)"
      ],
      "metadata": {
        "colab": {
          "base_uri": "https://localhost:8080/"
        },
        "id": "LvUc-NyjVCtK",
        "outputId": "db44a3c7-33e5-4754-edd3-a02d9bd8c2f2"
      },
      "execution_count": 25,
      "outputs": [
        {
          "output_type": "stream",
          "name": "stdout",
          "text": [
            "File count: 197\n"
          ]
        }
      ]
    },
    {
      "cell_type": "code",
      "source": [
        "file_num = 000000\n",
        "tranf_matrices = [0]*196\n",
        "for i in range(0,count-1): #the upper boundar is exclude\n",
        "  j = i + 1\n",
        "  source = '/content/drive/MyDrive/medical_robotics/v1/v1/frame_data/frame_data' + str(file_num + i).zfill(6) + '.json'\n",
        "  end = '/content/drive/MyDrive/medical_robotics/v1/v1/frame_data/frame_data' + str(file_num + j).zfill(6) + '.json'\n",
        "  #print(source)\n",
        "  #print(end)\n",
        "\n",
        "  f_source = open(source)\n",
        "  data_source = json.load(f_source)\n",
        "  T_0 = np.array(data_source['camera-pose'])\n",
        "\n",
        "  f_end = open(end)\n",
        "  data_end = json.load(f_end)\n",
        "  T_1 = np.array(data_end['camera-pose'])\n",
        "\n",
        "  tranf_matrices[i] = np.matmul(np.linalg.inv(T_0),T_1)"
      ],
      "metadata": {
        "id": "qbjIVfVOUW6b"
      },
      "execution_count": null,
      "outputs": []
    },
    {
      "cell_type": "code",
      "source": [
        "def tranformation_matrix_extrac(folder_path):\n",
        "  # looking for number of files in the folder\n",
        "  import os\n",
        "  count = 0\n",
        "  # Iterate directory\n",
        "  for path in os.listdir(folder_path):\n",
        "    # check if current path is a file\n",
        "    if os.path.isfile(os.path.join(folder_path, path)):\n",
        "        count += 1\n",
        "\n",
        "  file_num = 000000\n",
        "  tranf_matrices = [0]*(count-1)\n",
        "  for i in range(0,count-1): #the upper boundar is exclude\n",
        "    j = i + 1\n",
        "    source = folder_path + '/frame_data' + str(file_num + i).zfill(6) + '.json'\n",
        "    end = folder_path + '/frame_data' + str(file_num + j).zfill(6) + '.json'\n",
        "\n",
        "    f_source = open(source)\n",
        "    data_source = json.load(f_source)\n",
        "    T_0 = np.array(data_source['camera-pose'])\n",
        "\n",
        "    f_end = open(end)\n",
        "    data_end = json.load(f_end)\n",
        "    T_1 = np.array(data_end['camera-pose'])\n",
        "\n",
        "    tranf_matrices[i] = np.matmul(np.linalg.inv(T_0),T_1)\n",
        "\n",
        "  return tranf_matrices\n"
      ],
      "metadata": {
        "id": "P0DkSHbjV37V"
      },
      "execution_count": 101,
      "outputs": []
    },
    {
      "cell_type": "code",
      "source": [
        "a = tranformation_matrix_extrac('/content/drive/MyDrive/medical_robotics/v1/v1/frame_data')"
      ],
      "metadata": {
        "id": "hmyZEEs8XYKf"
      },
      "execution_count": null,
      "outputs": []
    },
    {
      "cell_type": "code",
      "source": [
        "a"
      ],
      "metadata": {
        "colab": {
          "base_uri": "https://localhost:8080/"
        },
        "id": "KjJLqHd_Yp19",
        "outputId": "e835721b-87e1-4982-9931-3484d8fb971f"
      },
      "execution_count": null,
      "outputs": [
        {
          "output_type": "execute_result",
          "data": {
            "text/plain": [
              "[array([[ 9.99996758e-01, -2.66848080e-03, -1.38534687e-04,\n",
              "         -1.76657959e-02],\n",
              "        [ 2.66837263e-03,  9.99996429e-01, -8.90276436e-04,\n",
              "         -1.13811995e-01],\n",
              "        [ 1.40861180e-04,  8.89828332e-04,  9.99999821e-01,\n",
              "          2.77779557e-01],\n",
              "        [ 0.00000000e+00,  0.00000000e+00,  0.00000000e+00,\n",
              "          1.00000000e+00]]),\n",
              " array([[ 9.99997459e-01, -2.14935456e-03, -1.80045045e-04,\n",
              "         -2.29432294e-02],\n",
              "        [ 2.14911103e-03,  9.99996531e-01, -9.14354254e-04,\n",
              "         -1.16719039e-01],\n",
              "        [ 1.82046030e-04,  9.14121350e-04,  9.99999046e-01,\n",
              "          2.94969340e-01],\n",
              "        [ 0.00000000e+00,  0.00000000e+00,  0.00000000e+00,\n",
              "          1.00000000e+00]]),\n",
              " array([[ 9.99999795e-01, -7.91099422e-04, -2.52924488e-04,\n",
              "         -3.22080909e-02],\n",
              "        [ 7.91033391e-04,  1.00000014e+00, -8.00094799e-04,\n",
              "         -1.01397841e-01],\n",
              "        [ 2.53586418e-04,  7.99643822e-04,  1.00000018e+00,\n",
              "          3.07595731e-01],\n",
              "        [ 0.00000000e+00,  0.00000000e+00,  0.00000000e+00,\n",
              "          1.00000000e+00]]),\n",
              " array([[ 9.99999710e-01,  1.02559353e-04, -3.69186899e-04,\n",
              "         -4.70569159e-02],\n",
              "        [-1.02975882e-04,  9.99999081e-01, -6.59014994e-04,\n",
              "         -8.35728689e-02],\n",
              "        [ 3.69146054e-04,  6.59364525e-04,  9.99999081e-01,\n",
              "          2.80492081e-01],\n",
              "        [ 0.00000000e+00,  0.00000000e+00,  0.00000000e+00,\n",
              "          1.00000000e+00]]),\n",
              " array([[ 9.99999814e-01,  4.26765367e-04, -4.76492771e-04,\n",
              "         -6.06521240e-02],\n",
              "        [-4.26912410e-04,  1.00000006e+00, -4.95953527e-04,\n",
              "         -6.23563642e-02],\n",
              "        [ 4.76218473e-04,  4.96022130e-04,  1.00000020e+00,\n",
              "          2.67285011e-01],\n",
              "        [ 0.00000000e+00,  0.00000000e+00,  0.00000000e+00,\n",
              "          1.00000000e+00]]),\n",
              " array([[ 9.99999927e-01,  4.45592930e-04, -4.37197051e-04,\n",
              "         -5.55760957e-02],\n",
              "        [-4.45736609e-04,  1.00000017e+00, -4.24953417e-04,\n",
              "         -5.31332776e-02],\n",
              "        [ 4.37028645e-04,  4.24988513e-04,  1.00000004e+00,\n",
              "          2.54509540e-01],\n",
              "        [ 0.00000000e+00,  0.00000000e+00,  0.00000000e+00,\n",
              "          1.00000000e+00]]),\n",
              " array([[ 9.99999786e-01,  2.16796303e-04, -2.72932911e-04,\n",
              "         -3.43458018e-02],\n",
              "        [-2.17094670e-04,  9.99999153e-01, -5.37849409e-04,\n",
              "         -6.75227364e-02],\n",
              "        [ 2.72773857e-04,  5.38124101e-04,  9.99999214e-01,\n",
              "          2.86836674e-01],\n",
              "        [ 0.00000000e+00,  0.00000000e+00,  0.00000000e+00,\n",
              "          1.00000000e+00]]),\n",
              " array([[ 9.99999872e-01,  2.31551797e-04, -3.09424261e-04,\n",
              "         -3.89140091e-02],\n",
              "        [-2.31643174e-04,  1.00000005e+00, -5.12776029e-04,\n",
              "         -6.39134915e-02],\n",
              "        [ 3.09354008e-04,  5.12969063e-04,  9.99999977e-01,\n",
              "          2.98888821e-01],\n",
              "        [ 0.00000000e+00,  0.00000000e+00,  0.00000000e+00,\n",
              "          1.00000000e+00]]),\n",
              " array([[ 9.99999883e-01,  6.79211463e-04, -2.24358540e-04,\n",
              "         -2.80327317e-02],\n",
              "        [-6.79253421e-04,  1.00000016e+00, -2.49928808e-04,\n",
              "         -3.04670482e-02],\n",
              "        [ 2.24168138e-04,  2.50040108e-04,  1.00000031e+00,\n",
              "          2.57681682e-01],\n",
              "        [ 0.00000000e+00,  0.00000000e+00,  0.00000000e+00,\n",
              "          1.00000000e+00]]),\n",
              " array([[ 9.99996848e-01,  2.48214584e-03,  1.01445777e-05,\n",
              "          2.08996503e-03],\n",
              "        [-2.48207909e-03,  9.99996623e-01,  2.37742188e-04,\n",
              "          3.20556609e-02],\n",
              "        [-9.54791307e-06, -2.37961425e-04,  9.99999793e-01,\n",
              "          2.57968603e-01],\n",
              "        [ 0.00000000e+00,  0.00000000e+00,  0.00000000e+00,\n",
              "          1.00000000e+00]]),\n",
              " array([[ 9.99995876e-01,  2.81566057e-03,  3.74073963e-04,\n",
              "          4.83011887e-02],\n",
              "        [-2.81601341e-03,  9.99995658e-01,  7.45411194e-04,\n",
              "          9.64398639e-02],\n",
              "        [-3.71893624e-04, -7.46180165e-04,  9.99999482e-01,\n",
              "          1.56370821e-01],\n",
              "        [ 0.00000000e+00,  0.00000000e+00,  0.00000000e+00,\n",
              "          1.00000000e+00]]),\n",
              " array([[ 9.99995643e-01,  3.02929777e-03,  4.30416130e-04,\n",
              "          5.54769821e-02],\n",
              "        [-3.02939643e-03,  9.99995686e-01,  2.80273582e-04,\n",
              "          3.66111383e-02],\n",
              "        [-4.29670798e-04, -2.81808113e-04,  1.00000014e+00,\n",
              "          1.40420174e-01],\n",
              "        [ 0.00000000e+00,  0.00000000e+00,  0.00000000e+00,\n",
              "          1.00000000e+00]]),\n",
              " array([[ 9.99993408e-01,  3.43994196e-03,  6.82642780e-04,\n",
              "          8.78059356e-02],\n",
              "        [-3.44011203e-03,  9.99993831e-01,  3.65072781e-04,\n",
              "          4.77824652e-02],\n",
              "        [-6.81325431e-04, -3.67222411e-04,  9.99999610e-01,\n",
              "          1.93885088e-01],\n",
              "        [ 0.00000000e+00,  0.00000000e+00,  0.00000000e+00,\n",
              "          1.00000000e+00]]),\n",
              " array([[ 9.99988984e-01,  4.74557520e-03,  4.04885974e-04,\n",
              "          5.19568504e-02],\n",
              "        [-4.74568882e-03,  9.99988895e-01,  1.34286124e-04,\n",
              "          1.76499261e-02],\n",
              "        [-4.04311871e-04, -1.36425145e-04,  9.99999992e-01,\n",
              "          1.08422147e-01],\n",
              "        [ 0.00000000e+00,  0.00000000e+00,  0.00000000e+00,\n",
              "          1.00000000e+00]]),\n",
              " array([[ 9.99995459e-01,  3.12799523e-03,  4.88821283e-05,\n",
              "          1.07914800e-02],\n",
              "        [-3.12801748e-03,  9.99995133e-01, -2.44147383e-05,\n",
              "         -8.79655564e-03],\n",
              "        [-4.88202554e-05,  2.43416862e-05,  9.99999931e-01,\n",
              "          9.74241924e-02],\n",
              "        [ 0.00000000e+00,  0.00000000e+00,  0.00000000e+00,\n",
              "          1.00000000e+00]]),\n",
              " array([[ 9.99993930e-01,  3.38337932e-03,  4.58153908e-04,\n",
              "          5.87965361e-02],\n",
              "        [-3.38366226e-03,  9.99993902e-01,  8.47995543e-04,\n",
              "          1.09295919e-01],\n",
              "        [-4.55305186e-04, -8.49597996e-04,  9.99999808e-01,\n",
              "          1.56105437e-01],\n",
              "        [ 0.00000000e+00,  0.00000000e+00,  0.00000000e+00,\n",
              "          1.00000000e+00]]),\n",
              " array([[ 9.99994606e-01,  3.16360585e-03,  2.28243893e-04,\n",
              "          2.47551850e-02],\n",
              "        [-3.16369162e-03,  9.99994897e-01,  4.14833091e-04,\n",
              "          5.94319872e-02],\n",
              "        [-2.26953211e-04, -4.15354881e-04,  9.99999758e-01,\n",
              "          4.56362945e-02],\n",
              "        [ 0.00000000e+00,  0.00000000e+00,  0.00000000e+00,\n",
              "          1.00000000e+00]]),\n",
              " array([[ 9.99994518e-01,  3.39638490e-03,  4.38528310e-04,\n",
              "          5.61317587e-02],\n",
              "        [-3.39686761e-03,  9.99993728e-01,  7.46968463e-04,\n",
              "          9.58225598e-02],\n",
              "        [-4.36060823e-04, -7.48642617e-04,  9.99999342e-01,\n",
              "          9.96143351e-02],\n",
              "        [ 0.00000000e+00,  0.00000000e+00,  0.00000000e+00,\n",
              "          1.00000000e+00]]),\n",
              " array([[ 9.99993176e-01,  3.66651014e-03,  4.02389096e-04,\n",
              "          5.15396234e-02],\n",
              "        [-3.66655362e-03,  9.99993756e-01,  5.01392684e-04,\n",
              "          6.45796404e-02],\n",
              "        [-4.00498853e-04, -5.03040782e-04,  1.00000031e+00,\n",
              "          8.48422869e-02],\n",
              "        [ 0.00000000e+00,  0.00000000e+00,  0.00000000e+00,\n",
              "          1.00000000e+00]]),\n",
              " array([[ 9.99994780e-01,  3.14322359e-03,  3.98770325e-04,\n",
              "          5.09398835e-02],\n",
              "        [-3.14341533e-03,  9.99994648e-01,  3.31061841e-04,\n",
              "          4.25257550e-02],\n",
              "        [-3.97770366e-04, -3.31980200e-04,  9.99999673e-01,\n",
              "          9.15308059e-02],\n",
              "        [ 0.00000000e+00,  0.00000000e+00,  0.00000000e+00,\n",
              "          1.00000000e+00]]),\n",
              " array([[ 9.99993093e-01,  3.71171279e-03,  6.46304300e-04,\n",
              "          8.25759722e-02],\n",
              "        [-3.71206181e-03,  9.99992479e-01,  2.50125816e-04,\n",
              "          3.21829203e-02],\n",
              "        [-6.45307861e-04, -2.52648534e-04,  9.99999138e-01,\n",
              "          1.40724622e-01],\n",
              "        [ 0.00000000e+00,  0.00000000e+00,  0.00000000e+00,\n",
              "          1.00000000e+00]]),\n",
              " array([[ 9.99994467e-01,  3.21829816e-03,  5.09196509e-04,\n",
              "          6.49047209e-02],\n",
              "        [-3.21839075e-03,  9.99994614e-01,  2.02358028e-04,\n",
              "          2.60246431e-02],\n",
              "        [-5.08591100e-04, -2.03850084e-04,  9.99999542e-01,\n",
              "          1.59143503e-01],\n",
              "        [ 0.00000000e+00,  0.00000000e+00,  0.00000000e+00,\n",
              "          1.00000000e+00]]),\n",
              " array([[ 9.99992507e-01,  3.83878055e-03,  1.50995005e-04,\n",
              "          1.90618955e-02],\n",
              "        [-3.83877598e-03,  9.99992380e-01, -5.77684160e-06,\n",
              "         -5.99623914e-04],\n",
              "        [-1.51004838e-04,  5.15920639e-06,  9.99999943e-01,\n",
              "          1.17166675e-01],\n",
              "        [ 0.00000000e+00,  0.00000000e+00,  0.00000000e+00,\n",
              "          1.00000000e+00]]),\n",
              " array([[ 9.99988139e-01,  4.94062846e-03,  1.69689366e-04,\n",
              "          2.12933931e-02],\n",
              "        [-4.94057013e-03,  9.99988309e-01, -2.06667707e-04,\n",
              "         -2.60396575e-02],\n",
              "        [-1.70685699e-04,  2.05698891e-04,  1.00000034e+00,\n",
              "          1.73155675e-01],\n",
              "        [ 0.00000000e+00,  0.00000000e+00,  0.00000000e+00,\n",
              "          1.00000000e+00]]),\n",
              " array([[ 9.99984590e-01,  5.55024726e-03,  1.77371139e-04,\n",
              "          2.22230338e-02],\n",
              "        [-5.55003623e-03,  9.99985058e-01, -4.83927692e-04,\n",
              "         -6.15469310e-02],\n",
              "        [-1.79992644e-04,  4.83058549e-04,  1.00000051e+00,\n",
              "          2.02523278e-01],\n",
              "        [ 0.00000000e+00,  0.00000000e+00,  0.00000000e+00,\n",
              "          1.00000000e+00]]),\n",
              " array([[ 9.99993788e-01,  3.51005187e-03,  8.76518471e-05,\n",
              "          1.09205551e-02],\n",
              "        [-3.51005969e-03,  9.99993859e-01, -2.55515252e-04,\n",
              "         -3.25022209e-02],\n",
              "        [-8.86272213e-05,  2.55031215e-04,  9.99999930e-01,\n",
              "          9.73917314e-02],\n",
              "        [ 0.00000000e+00,  0.00000000e+00,  0.00000000e+00,\n",
              "          1.00000000e+00]]),\n",
              " array([[ 9.99985061e-01,  5.44337078e-03,  1.89747712e-04,\n",
              "          2.37735783e-02],\n",
              "        [-5.44324534e-03,  9.99985022e-01, -2.63443011e-04,\n",
              "         -3.33690368e-02],\n",
              "        [-1.91200141e-04,  2.62579596e-04,  9.99999895e-01,\n",
              "          1.83457965e-01],\n",
              "        [ 0.00000000e+00,  0.00000000e+00,  0.00000000e+00,\n",
              "          1.00000000e+00]]),\n",
              " array([[ 9.99993350e-01,  3.58874157e-03,  1.81261568e-04,\n",
              "          2.22336354e-02],\n",
              "        [-3.58878008e-03,  9.99993261e-01, -2.57753715e-05,\n",
              "         -2.51773026e-03],\n",
              "        [-1.81321429e-04,  2.51628352e-05,  9.99999881e-01,\n",
              "          3.14014486e-01],\n",
              "        [ 0.00000000e+00,  0.00000000e+00,  0.00000000e+00,\n",
              "          1.00000000e+00]]),\n",
              " array([[ 9.99992705e-01,  3.82947534e-03, -2.33613041e-06,\n",
              "         -9.77088929e-04],\n",
              "        [-3.82944022e-03,  9.99992925e-01, -5.35945153e-05,\n",
              "         -6.28224069e-03],\n",
              "        [ 2.11119841e-06,  5.36896956e-05,  1.00000014e+00,\n",
              "          2.09712390e-01],\n",
              "        [ 0.00000000e+00,  0.00000000e+00,  0.00000000e+00,\n",
              "          1.00000000e+00]]),\n",
              " array([[ 9.99991376e-01,  4.10961403e-03, -2.56165759e-05,\n",
              "         -3.81128050e-03],\n",
              "        [-4.10975720e-03,  9.99990750e-01, -1.40328855e-04,\n",
              "         -1.78061306e-02],\n",
              "        [ 2.50736856e-05,  1.40439637e-04,  9.99999452e-01,\n",
              "          1.47222039e-01],\n",
              "        [ 0.00000000e+00,  0.00000000e+00,  0.00000000e+00,\n",
              "          1.00000000e+00]]),\n",
              " array([[ 9.99986451e-01,  5.23794339e-03, -2.63591386e-05,\n",
              "         -3.87717094e-03],\n",
              "        [-5.23796194e-03,  9.99986525e-01, -1.81602592e-04,\n",
              "         -2.28383818e-02],\n",
              "        [ 2.53915623e-05,  1.81715580e-04,  9.99999972e-01,\n",
              "          1.47748609e-01],\n",
              "        [ 0.00000000e+00,  0.00000000e+00,  0.00000000e+00,\n",
              "          1.00000000e+00]]),\n",
              " array([[ 9.99990498e-01,  4.36707014e-03,  2.88266864e-06,\n",
              "         -6.62006478e-05],\n",
              "        [-4.36709070e-03,  9.99990355e-01, -7.28795141e-05,\n",
              "         -8.92399003e-03],\n",
              "        [-3.13747103e-06,  7.29215898e-05,  9.99999784e-01,\n",
              "          1.42960123e-01],\n",
              "        [ 0.00000000e+00,  0.00000000e+00,  0.00000000e+00,\n",
              "          1.00000000e+00]]),\n",
              " array([[ 9.99990814e-01,  4.22676366e-03,  1.65722169e-05,\n",
              "          1.71593289e-03],\n",
              "        [-4.22677163e-03,  9.99990965e-01, -1.59699965e-06,\n",
              "          7.26379362e-05],\n",
              "        [-1.66360454e-05,  1.60357692e-06,  9.99999984e-01,\n",
              "          1.19766708e-01],\n",
              "        [ 0.00000000e+00,  0.00000000e+00,  0.00000000e+00,\n",
              "          1.00000000e+00]]),\n",
              " array([[ 9.99993114e-01,  3.77593061e-03,  2.25460855e-05,\n",
              "          2.50848283e-03],\n",
              "        [-3.77587467e-03,  9.99993200e-01,  4.30143045e-05,\n",
              "          5.95689627e-03],\n",
              "        [-2.23088952e-05, -4.32141989e-05,  1.00000022e+00,\n",
              "          1.16257529e-01],\n",
              "        [ 0.00000000e+00,  0.00000000e+00,  0.00000000e+00,\n",
              "          1.00000000e+00]]),\n",
              " array([[ 9.99991766e-01,  4.07844160e-03,  1.23778740e-04,\n",
              "          1.53437188e-02],\n",
              "        [-4.07843148e-03,  9.99991818e-01,  2.24121949e-04,\n",
              "          2.91872375e-02],\n",
              "        [-1.22924831e-04, -2.24705900e-04,  1.00000022e+00,\n",
              "          1.47535382e-01],\n",
              "        [ 0.00000000e+00,  0.00000000e+00,  0.00000000e+00,\n",
              "          1.00000000e+00]]),\n",
              " array([[ 9.99990085e-01,  4.45911283e-03,  1.57968447e-04,\n",
              "          1.98005856e-02],\n",
              "        [-4.45905975e-03,  9.99990519e-01,  3.18293541e-04,\n",
              "          4.11781831e-02],\n",
              "        [-1.56524236e-04, -3.18898167e-04,  1.00000034e+00,\n",
              "          1.26567039e-01],\n",
              "        [ 0.00000000e+00,  0.00000000e+00,  0.00000000e+00,\n",
              "          1.00000000e+00]]),\n",
              " array([[ 9.99995699e-01,  2.95666299e-03,  1.18652631e-04,\n",
              "          1.46646134e-02],\n",
              "        [-2.95669082e-03,  9.99995663e-01,  2.57152573e-04,\n",
              "          3.32100397e-02],\n",
              "        [-1.17890349e-04, -2.57743241e-04,  9.99999971e-01,\n",
              "          1.42163623e-01],\n",
              "        [ 0.00000000e+00,  0.00000000e+00,  0.00000000e+00,\n",
              "          1.00000000e+00]]),\n",
              " array([[ 9.99990191e-01,  4.41237660e-03,  5.77928582e-05,\n",
              "          6.97230151e-03],\n",
              "        [-4.41248604e-03,  9.99989927e-01,  3.99580230e-05,\n",
              "          5.23689466e-03],\n",
              "        [-5.76463743e-05, -4.01509074e-05,  9.99999840e-01,\n",
              "          1.12897079e-01],\n",
              "        [ 0.00000000e+00,  0.00000000e+00,  0.00000000e+00,\n",
              "          1.00000000e+00]]),\n",
              " array([[ 9.99984340e-01,  5.58032030e-03,  8.18416904e-05,\n",
              "          9.95737008e-03],\n",
              "        [-5.58028697e-03,  9.99984438e-01,  5.98478933e-05,\n",
              "          7.90055436e-03],\n",
              "        [-8.15658723e-05, -6.04216248e-05,  1.00000005e+00,\n",
              "          1.33579181e-01],\n",
              "        [ 0.00000000e+00,  0.00000000e+00,  0.00000000e+00,\n",
              "          1.00000000e+00]]),\n",
              " array([[ 9.99994584e-01,  3.26297421e-03,  9.66612868e-05,\n",
              "          1.19686817e-02],\n",
              "        [-3.26297639e-03,  9.99994314e-01,  1.30461210e-04,\n",
              "          1.69234036e-02],\n",
              "        [-9.62089975e-05, -1.30789850e-04,  9.99999808e-01,\n",
              "          1.04736073e-01],\n",
              "        [ 0.00000000e+00,  0.00000000e+00,  0.00000000e+00,\n",
              "          1.00000000e+00]]),\n",
              " array([[ 9.99994174e-01,  3.49519008e-03,  6.67444958e-05,\n",
              "          8.14548080e-03],\n",
              "        [-3.49532312e-03,  9.99993742e-01,  1.43430338e-04,\n",
              "          1.83977614e-02],\n",
              "        [-6.62128483e-05, -1.43650760e-04,  9.99999551e-01,\n",
              "          9.28819410e-02],\n",
              "        [ 0.00000000e+00,  0.00000000e+00,  0.00000000e+00,\n",
              "          1.00000000e+00]]),\n",
              " array([[ 9.99991721e-01,  4.02889920e-03,  3.82589155e-05,\n",
              "          4.52577130e-03],\n",
              "        [-4.02898502e-03,  9.99991471e-01,  6.31781402e-05,\n",
              "          8.15906413e-03],\n",
              "        [-3.80018513e-05, -6.32255728e-05,  9.99999765e-01,\n",
              "          8.91735495e-02],\n",
              "        [ 0.00000000e+00,  0.00000000e+00,  0.00000000e+00,\n",
              "          1.00000000e+00]]),\n",
              " array([[ 9.99994021e-01,  3.52569370e-03, -6.56637086e-05,\n",
              "         -9.24217245e-03],\n",
              "        [-3.52558127e-03,  9.99994550e-01, -3.16231484e-04,\n",
              "         -3.99805987e-02],\n",
              "        [ 6.45722759e-05,  3.16395121e-04,  1.00000049e+00,\n",
              "          2.04977596e-01],\n",
              "        [ 0.00000000e+00,  0.00000000e+00,  0.00000000e+00,\n",
              "          1.00000000e+00]]),\n",
              " array([[ 9.99990572e-01,  4.30183893e-03, -5.52406737e-05,\n",
              "         -7.56469125e-03],\n",
              "        [-4.30177476e-03,  9.99990697e-01, -4.63239319e-04,\n",
              "         -5.91891178e-02],\n",
              "        [ 5.32638179e-05,  4.63479063e-04,  1.00000023e+00,\n",
              "          1.23396943e-01],\n",
              "        [ 0.00000000e+00,  0.00000000e+00,  0.00000000e+00,\n",
              "          1.00000000e+00]]),\n",
              " array([[ 9.99994373e-01,  3.37294532e-03, -1.48879036e-05,\n",
              "         -2.19153396e-03],\n",
              "        [-3.37297120e-03,  9.99994389e-01, -2.29850169e-04,\n",
              "         -2.92126671e-02],\n",
              "        [ 1.40674794e-05,  2.29778129e-04,  9.99999968e-01,\n",
              "          6.81982665e-02],\n",
              "        [ 0.00000000e+00,  0.00000000e+00,  0.00000000e+00,\n",
              "          1.00000000e+00]]),\n",
              " array([[ 9.99988775e-01,  4.76702609e-03,  3.27740106e-05,\n",
              "          3.73405931e-03],\n",
              "        [-4.76707561e-03,  9.99988459e-01, -3.14847265e-04,\n",
              "         -4.00567916e-02],\n",
              "        [-3.42767118e-05,  3.14756913e-04,  9.99999731e-01,\n",
              "          1.16208679e-01],\n",
              "        [ 0.00000000e+00,  0.00000000e+00,  0.00000000e+00,\n",
              "          1.00000000e+00]]),\n",
              " array([[ 9.99994280e-01,  3.32646627e-03,  2.20742354e-05,\n",
              "          2.34588834e-03],\n",
              "        [-3.32641816e-03,  9.99994196e-01, -1.50960277e-04,\n",
              "         -1.90661371e-02],\n",
              "        [-2.25672013e-05,  1.51036994e-04,  9.99999797e-01,\n",
              "          1.12434277e-01],\n",
              "        [ 0.00000000e+00,  0.00000000e+00,  0.00000000e+00,\n",
              "          1.00000000e+00]]),\n",
              " array([[ 9.99990931e-01, -4.26924313e-03, -3.76923628e-04,\n",
              "         -4.80886504e-02],\n",
              "        [ 4.26900887e-03,  9.99991003e-01, -4.76960940e-04,\n",
              "         -6.11365542e-02],\n",
              "        [ 3.78964821e-04,  4.75315665e-04,  1.00000010e+00,\n",
              "         -4.00228348e-02],\n",
              "        [ 0.00000000e+00,  0.00000000e+00,  0.00000000e+00,\n",
              "          1.00000000e+00]]),\n",
              " array([[ 9.99993419e-01, -3.60306361e-03, -1.65366566e-04,\n",
              "         -2.09075029e-02],\n",
              "        [ 3.60302271e-03,  9.99993525e-01, -6.32676364e-04,\n",
              "         -8.12158778e-02],\n",
              "        [ 1.67632991e-04,  6.31962745e-04,  9.99999919e-01,\n",
              "         -7.09580843e-02],\n",
              "        [ 0.00000000e+00,  0.00000000e+00,  0.00000000e+00,\n",
              "          1.00000000e+00]]),\n",
              " array([[ 9.99996830e-01, -2.48970910e-03, -3.12103786e-04,\n",
              "         -3.95833639e-02],\n",
              "        [ 2.48917373e-03,  9.99995519e-01, -1.55239533e-03,\n",
              "         -1.99153156e-01],\n",
              "        [ 3.15960942e-04,  1.55162654e-03,  9.99998399e-01,\n",
              "         -1.03365774e-01],\n",
              "        [ 0.00000000e+00,  0.00000000e+00,  0.00000000e+00,\n",
              "          1.00000000e+00]]),\n",
              " array([[ 9.99995959e-01, -2.83423401e-03, -6.60277461e-04,\n",
              "         -7.99839902e-02],\n",
              "        [ 2.83383557e-03,  9.99995564e-01, -6.69312511e-04,\n",
              "         -9.18933307e-02],\n",
              "        [ 6.62223628e-04,  6.67554788e-04,  9.99999538e-01,\n",
              "         -2.09919025e-02],\n",
              "        [ 0.00000000e+00,  0.00000000e+00,  0.00000000e+00,\n",
              "          1.00000000e+00]]),\n",
              " array([[ 9.99995086e-01,  3.08350270e-03, -4.33457768e-05,\n",
              "         -1.05926356e-02],\n",
              "        [-3.08350038e-03,  9.99995480e-01, -2.33556817e-04,\n",
              "         -2.22965118e-02],\n",
              "        [ 4.25873250e-05,  2.33584265e-04,  1.00000023e+00,\n",
              "          2.41539371e-01],\n",
              "        [ 0.00000000e+00,  0.00000000e+00,  0.00000000e+00,\n",
              "          1.00000000e+00]]),\n",
              " array([[ 9.99993698e-01,  3.50773778e-03,  2.11854185e-04,\n",
              "          2.63697756e-02],\n",
              "        [-3.50794691e-03,  9.99992894e-01,  1.35092776e-03,\n",
              "          1.74858409e-01],\n",
              "        [-2.07121805e-04, -1.35158109e-03,  9.99999181e-01,\n",
              "          2.88079166e-01],\n",
              "        [ 0.00000000e+00,  0.00000000e+00,  0.00000000e+00,\n",
              "          1.00000000e+00]]),\n",
              " array([[ 9.99998049e-01,  1.81498428e-03,  2.55478641e-04,\n",
              "          3.20209726e-02],\n",
              "        [-1.81535974e-03,  9.99997448e-01,  1.15385096e-03,\n",
              "          1.48952786e-01],\n",
              "        [-2.53374577e-04, -1.15418040e-03,  9.99999156e-01,\n",
              "          2.46428706e-01],\n",
              "        [ 0.00000000e+00,  0.00000000e+00,  0.00000000e+00,\n",
              "          1.00000000e+00]]),\n",
              " array([[ 9.99999096e-01,  1.29788309e-03,  2.99160644e-04,\n",
              "          3.75898633e-02],\n",
              "        [-1.29824751e-03,  9.99998229e-01,  1.31782970e-03,\n",
              "          1.69608696e-01],\n",
              "        [-2.97433670e-04, -1.31810423e-03,  9.99998932e-01,\n",
              "          2.32756097e-01],\n",
              "        [ 0.00000000e+00,  0.00000000e+00,  0.00000000e+00,\n",
              "          1.00000000e+00]]),\n",
              " array([[ 1.00000002e+00,  3.68741985e-04,  3.60134298e-04,\n",
              "          4.55832638e-02],\n",
              "        [-3.69314993e-04,  9.99998856e-01,  1.66298551e-03,\n",
              "          2.13297553e-01],\n",
              "        [-3.59600068e-04, -1.66330321e-03,  9.99998693e-01,\n",
              "          1.58777349e-01],\n",
              "        [ 0.00000000e+00,  0.00000000e+00,  0.00000000e+00,\n",
              "          1.00000000e+00]]),\n",
              " array([[ 9.99999032e-01,  1.41322849e-03,  7.85266446e-04,\n",
              "          1.00091190e-01],\n",
              "        [-1.41493670e-03,  9.99996945e-01,  2.09303961e-03,\n",
              "          2.68212618e-01],\n",
              "        [-7.82268126e-04, -2.09426959e-03,  9.99997542e-01,\n",
              "          1.18918442e-01],\n",
              "        [ 0.00000000e+00,  0.00000000e+00,  0.00000000e+00,\n",
              "          1.00000000e+00]]),\n",
              " array([[ 0.9999964 ,  0.00245963,  0.00104201,  0.13270754],\n",
              "        [-0.00246148,  0.99999507,  0.00169071,  0.21611378],\n",
              "        [-0.00103785, -0.00169332,  0.99999754,  0.15171036],\n",
              "        [ 0.        ,  0.        ,  0.        ,  1.        ]]),\n",
              " array([[ 0.99999671,  0.00223707,  0.00114179,  0.14546803],\n",
              "        [-0.00223908,  0.99999569,  0.00169848,  0.21705427],\n",
              "        [-0.00113791, -0.0017008 ,  0.99999768,  0.12802612],\n",
              "        [ 0.        ,  0.        ,  0.        ,  1.        ]]),\n",
              " array([[ 9.99999369e-01,  3.95085137e-04,  1.05947028e-03,\n",
              "          1.35271952e-01],\n",
              "        [-3.96826266e-04,  9.99998983e-01,  1.78383071e-03,\n",
              "          2.28223486e-01],\n",
